7 30 m 64.1 18.2
7 30 n 64.5 18.2
7 30 e 65.0 18.2
, 31 m 64.5 18.2
, , n 64.2 18.2
, , e 66.4 20.4
8 1 m 66.1 20.4
, , e 64.6 18.2
, 2 m 65.0 ,
, 3 n , ,
, 4 m 64.5 ,
, , e 66.1 20.3
, 5 m 65.4 18.3
, , m2 64.5 18.2
, , n 65.1 18.3
, , e 65.7 ,
, 6 0330 65.2 18.2
, , 0900 63.6 18.1
, 17 1000 65.6 18.3
, , 2230 66.9 20.3
, 18 0400 66.0 ,
, , 2130 65.5 18.3
, 19 0611 65.0 18.2
, , 2235 66.0 20.3
, 20 1450 65.7 18.3
, , 2211 65.0 18.2
, 21 0551 64.5 18.2
, 22 0442 66.3 20.4
, , 1514 66.3 20.4
, 23 2118 , , 
, 24 0857 64.7 18.2
, , 2303 65.5 18.4
, 25 0810 64.3 18.2
, , 2231 65.7 18.3
, 26 0511 64.9 18.2
, , 2105 , ,
, 27 0533 64.3 ,
, , 2239 65.3 18.3
, 28 0532 64.5 18.2
, 30 0008 65.2 18.3
, , 0533 64.6 18.2
, , 2226 65.8 18.3
, 31 0553 64.7 18.2
09 01 0017 66.0 20.3
09 01 0515 65.4 18.3
09 01 1229 64.4 18.2
09 01 2225 66.2 20.4
09 02 0717 65.1 18.2
09 03 0106 65.9 20.3
09 03 0559 65.6 18.3
09 03 1042 64.6 18.2
09 03 2109 65.3 18.3
09 04 0556 64.7 18.2
09 05 1558 65.7 18.3
09 05 2212 66.0 20.3
09 06 0742 64.8 18.2
09 07 0654 66.0 20.3
09 07 2227 65.6 20.3
09 08 0653 64.6 18.2
09 09 1216 65.4 18.3
09 09 2312 66.2 20.3
09 10 0552 65.4 18.3
09 10 2343 65.7 18.3
09 11 0815 64.7 18.2
09 12 2240 65.6 18.3
09 13 0601 65.0 18.2
09 13 2254 66.7 20.4
09 14 0818 65.6 18.3
09 14 2236 67.1 20.4
09 15 0900 66.2 20.3
09 15 2344 66.2 20.3
09 16 0811 65.4 18.3
09 16 2308 66.2 20.3
09 17 0759 65.4 18.3
09 17 1132 64.6 18.2
09 17 2318 65.6 18.3
09 18 0750 65.1 18.3
09 19 1518 66.2 20.4
09 21 0647 65.1 18.2
09 21 1302 65.4 18.3
09 21 2127 66.2 20.3
09 22 0852 65.3 18.3
09 22 1547 65.3 18.3
09 23 0838 64.7 18.2
09 23 1250 65.3 18.3
09 24 1000 64.8 18.2
09 25 1003 65.3 18.3
09 26 1412 65.0 18.2
09 26 1705 65.0 18.2
09 27 1115 64.7 18.2
09 27 2342 67.2 20.4
09 28 1115 66.5 20.4
09 28 2246 67.2 20.5
09 29 0923 66.1 20.4
09 30 1054 66.4 20.4
10 01 1132 66.4 20.4
10 01 2101 66.4 20.4
10 02 0842 65.2 18.3
10 02 2237 65.2 18.2
10 03 0756 64.6 18.2
10 05 0720 65.5 18.3
10 06 1214 64.5 18.2
10 06 2309 66.2 20.3
10 08 1000 65.6 18.3
10 10 1406 66.2 20.4
10 11 1252 66.2 20.4
10 13 2233 68.1 20.6
10 14 0904 66.8 20.5
10 15 0012 67.6 20.5
10 15 0933 66.4 20.4
10 15 2339 67.0 20.4
10 16 0900 66.2 20.4
10 17 0415 66.1 20.3
10 17 1211 65.4 18.3
10 18 1141 65.7 18.3
10 19 1245 67.8 20.5
10 20 0118 67.8 20.5
10 20 1123 66.3 20.4
10 21 0228 65.9 20.3
10 21 1141 65.0 18.3
10 21 2222 65.7 18.3
10 22 0742 64.6 18.2
10 22 2243 66.4 20.4
10 23 0812 64.8 18.2
10 25 1355 66.3 20.3
10 25 2217 67.5 20.4
10 26 0758 66.3 20.3
10 27 0757 65.8 18.2
10 29 0730 66.5 20.3
10 29 2235 67.1 20.4
10 30 0744 66.0 20.3
10 31 0148 66.0 20.3
10 31 1014 65.5 18.2
11 02 0744 65.7 18.3
11 03 1327 65.7 18.3
11 04 0817 66.2 20.3
11 04 1724 66.2 20.3
11 05 1009 66.2 20.3
11 05 2256 66.5 20.3
11 06 1014 65.6 18.3
11 07 0230 66.9 20.4
11 07 1337 66.1 20.3
11 09 1416 66.4 20.3
11 10 2235 67.2 20.4
11 11 0815 66.3 20.3
11 11 2256 66.9 20.4
11 13 1012 65.9 20.3
11 15 1608 67.6 20.4
11 15 2153 67.1 20.4
11 16 1013 67.3 20.4
11 16 2217 68.0 20.5
11 17 2255 67.2 20.4
11 18 0856 66.9 20.4
11 19 0026 67.4 20.4
11 19 1105 66.2 20.3
11 20 0224 67.4 20.4
11 20 1231 66.1 20.3
11 21 1534 67.3 20.4
11 21 2242 69.0 21.6
11 22 1643 68.6 20.5
11 23 1456 66.8 20.4
11 24 1236 66.5 20.3
11 24 2247 67.8 20.5
11 25 2304 67.8 20.5
11 26 1156 67.4 20.4
11 27 0344 67.9 20.5
11 27 1221 66.9 20.4
11 29 1259 69.2 21.6
11 29 2208 68.6 20.5 
11 30 0817 68.1 20.5
12 01 1139 68.1 20.5
12 02 0240 69.1 21.6
12 02 1338 67.9 20.4
12 02 2251 67.9 20.4
12 03 0736 67.0 20.5
12 03 2332 67.6 20.4
12 04 1227 66.3 20.3
12 05 0319 67.6 20.4
12 05 1337 66.6 20.3
12 07 0918 67.7 20.4
12 07 2242 68.0 20.5
12 08 0940 68.0 20.5
12 08 2256 69.1 21.6
12 09 1235 67.8 20.4
12 09 2352 69.0 21.6
12 10 1144 68.2 20.5
12 11 1333 66.9 20.4
12 12 2106 70.5 21.7
12 13 1306 68.9 21.6
12 13 2144 70.1 21.7
12 14 1009 69.5 21.6
12 14 2229 69.5 21.6
12 15 1004 69.0 21.6
12 15 2239 68.4 20.5
12 16 0924 67.6 20.4
12 16 2101 68.5 20.5
12 17 0805 67.2 20.4
12 17 2055 68.9 21.6
12 18 0758 67.5 20.4
12 20 0233 70.2 21.7
12 20 1153 68.6 20.6
12 20 2117 68.6 20.5
12 21 0809 68.0 20.6
12 21 2121 68.7 20.5
12 22 0800 67.8 20.5
12 22 2305 69.1 21.6
12 23 0845 67.7 20.6
12 24 0758 67.7 20.4
01 06 0804 67.7 21.5
01 06 2157 69.6 21.6
01 07 0809 68.9 21.6
01 07 2136 70.8 21.8
01 08 0813 69.9 22.9
01 09 1139 69.4 21.9
01 11 0003 71.6 21.9
01 11 1244 70.3 21.7
01 11 2216 69.2 21.6
01 12 1053 68.4 20.5
01 12 2047 69.7 21.6
01 13 2329 69.7 21.6
01 14 1101 68.5 20.5
01 14 2138 69.4 21.6
01 15 0737 68.8 20.6
01 15 2353 69.7 21.6
01 16 1132 68.7 20.5
01 17 1956 70.5 21.7
01 18 0812 69.4 21.6
01 18 2316 70.7 21.8
01 19 2127 70.7 21.8
01 20 0802 69.7 21.7
01 21 0817 69.7 21.6
01 22 0913 69.2 21.6
01 26 0817 69.2 21.6
01 28 0814 69.5 21.6
01 30 1355 71.5 21.8
02 01 0903 69.8 21.6
02 03 0902 69.8 21.7
02 04 0907 70.1 21.7
02 09 1125 70.9 21.8
02 13 1646 70.4 21.7
02 18 1552 71.7 21.8
02 23 0910 71.7 21.8
03 03 0922 73.1 23.0
