2016 0606 0810 776 247
2016 0607 0807 762 243
2016 0608 0809 762 243
2016 0609 0812 758 242
2016 0610 0806 758 242
2016 0611 1205 750 242
2016 0613 0809 773 247
2016 0614 0813 767 243
2016 0615 0813 767 243
2016 0616 0809 767 243
2016 0617 0816 767 243
2016 0618 1014 761 243
2016 0619 1040 767 243
2016 0620 0809 759 244
2016 0621 0809 762 244
2016 0622 0759 757 244
2016 0623 0805 759 244
2016 0624 0811 763 244
2016 0625 0843 771 248
2016 0627 0807 768 245
2016 0628 0804 766 248
2016 0629 0808 761 244
2016 0630 0808 761 244
2016 0701 0759 758 244
2016 0702 0900 758 244
2016 0704 0757 771 248
2016 0705 0756 766 245
2016 0706 0809 764 244
2016 0707 0916 764 244
2016 0708 0815 764 244
2016 0711 0811 764 244
2016 0712 0803 764 244
2016 0713 0804 758 244
2016 0714 0804 758 244
2016 0715 0811 758 244
2016 0716 1204 758 244
2016 0718 1352 765 245
2016 0719 0813 765 245
2016 0720 0840 765 245
2016 0721 0808 762 244
2016 0722 0918 772 248
2016 0723 1145 767 245
2016 0724 1334 771 249
2016 0725 0904 776 248
2016 0729 0903 776 248
2016 0802 1036 770 248
2016 0803 1000 770 248
2016 0804 0923 774 248
2016 0805 0913 774 248
2016 0808 0916 798 258
2016 0809 0828 783 258
2016 0817 1041 762 244
2016 0818 0920 772 248
2016 0819 0914 780 258
2016 0821 1119 780 258
2016 0822 0930 790 258
2016 0823 0854 781 258
2016 0824 1211 781 258
2016 0825 0912 781 258
2016 0826 0907 781 258
2016 0829 1222 781 258
2016 0830 0933 781 258
2016 0902 0917 784 258
2016 0905 0917 789 258
2016 0907 0912 785 258
2016 0909 0900 779 258
2016 0911 1355 787 258
2016 0912 0907 793 258
2016 0913 0954 787 258
2016 0914 0924 784 258
2016 0915 0921 784 258
2016 0916 1037 784 258
2016 0918 1344 786 258
2016 0919 1156 786 258
2016 0920 0916 786 258
2016 0921 0917 782 258
2016 0922 1321 786 258
2016 0923 0914 785 258
2016 1003 0755 781 258
2016 1004 0802 781 258
2016 1006 0804 781 258
2016 1007 0808 778 248
2016 1011 0753 791 258
2016 1021 1043 808 258
2016 1025 1212 808 258
2016 1026 1203 811 258
2016 1027 2221 819 268
2016 1028 1004 819 269
2016 1031 0858 809 274
2016 1102 0638 804 258
2016 1104 1016 807 258
2016 1105 1319 807 258
2016 1107 1130 807 258
2016 1110 0913 807 258
2016 1111 0822 807 258
2016 1112 1319 805 258
2016 1113 1231 813 268
2016 1114 0743 817 268
2016 1115 0738 814 268
2016 1116 0736 814 268
2016 1117 0757 814 268
2016 1117 2257 814 268
2016 1118 0914 807 258
2016 1119 1441 815 268
2016 1121 0859 804 258
2016 1121 2250 804 258
2016 1122 0917 797 258
2016 1123 0950 797 258
2016 1124 0854 797 258
2016 1124 2147 804 258
2016 1125 0834 794 258
2016 1126 0753 798 258
2016 1128 0847 803 258
2016 1129 1049 803 258
2016 1130 1056 799 258
2016 1201 0925 799 258
2016 1202 0844 799 258
2016 1203 1109 793 258
2016 1204 1200 785 258
2016 1205 0924 793 258
2016 1206 0823 793 258
2016 1207 0747 789 258
2016 1208 0755 786 259
2016 1209 0750 777 248
2016 1210 0957 777 248
2016 1211 0825 777 248
2016 1212 0738 771 248
2016 1213 0723 771 248
2016 1214 0744 767 245
2016 1215 0752 761 244
2016 1216 0737 761 244
2016 1217 0926 761 244
2016 1218 1327 770 248
2016 1219 0807 778 258
2016 1220 0932 775 248
2016 1221 0756 772 248
2016 1222 0754 772 248
2016 1223 1047 775 248
2016 1224 0912 767 245
2016 1226 0930 778 248
2016 1227 0936 769 248
2016 1228 1006 778 252
2016 1229 1035 774 248
2016 1230 1023 774 248
2016 1231 1054 766 245
2017 0101 1133 766 245
2017 0102 1133 761 244
2017 0103 1001 761 244
2017 0104 0753 756 244
2017 0105 0748 756 244
2017 0106 0751 761 245
2017 0107 1049 764 244
2017 0108 0857 764 244
2017 0109 1050 755 244
2017 0110 0747 751 244
2017 0111 0747 751 243
2017 0112 0743 746 233
2017 0113 0750 746 234
2017 0114 0055 752 243
2017 0114 1023 743 233
2017 0115 0935 743 232
2017 0116 0741 739 233
2017 0117 0843 739 232
2017 0118 0714 739 232
2017 0119 0830 736 232
2017 0120 0837 736 232
2017 0121 0918 741 232
2017 0122 0907 732 232
2017 0123 0839 735 233
2017 0124 0819 732 232
2017 0125 0705 728 232
2017 0126 0753 736 233
2017 0127 0749 729 231
2017 0128 0918 729 231
2017 0129 0926 734 232
2017 0130 0754 734 232
2017 0131 0742 734 232
2017 0201 0750 730 231
2017 0202 0745 730 231
2017 0203 0750 727 231
2017 0204 1021 727 231
2017 0205 1302 727 232
2017 0206 0743 739 233
2017 0207 0826 732 231
2017 0208 0754 729 231
2017 0209 0751 722 230
2017 0210 0948 719 230
2017 0211 0930 728 231
2017 0212 0855 722 230
2017 0213 1010 722 230
2017 0214 0936 718 220
2017 0215 1012 718 220
2017 0216 0817 712 219
2017 0217 0858 711 219
2017 0218 1153 711 219
2017 0219 0957 711 219
2017 0220 1109 705 219
2017 0221 0911 705 219
2017 0222 0747 702 218
2017 0223 0853 707 219
2017 0224 0858 707 219
2017 0225 1249 704 219
